k=2, Ns=10, 1000 samples each
Calculation time = 83.4899s
1, 542899, 1.49371e+14
2, 2.05339e+06, 1.07061e+15
3, 2.20615e+06, 1.53043e+15
4, 890463, 2.23002e+13
5, 1.07558e+06, 2.79947e+13
6, 2.06441e+06, 4.61129e+14
7, 1.0147e+06, 7.33669e+12
8, 1.36932e+06, 1.12775e+13
9, 1.52971e+06, 1.21841e+13
10, 1.89084e+06, 1.10868e+13
11, 1.85507e+06, 6.89129e+12
12, 2.13953e+06, 9.91857e+12
13, 2.46683e+06, 1.01098e+13
14, 2.70668e+06, 9.14665e+12
15, 3.14622e+06, 1.54824e+13
16, 3.52977e+06, 1.08796e+13
17, 3.78353e+06, 1.08675e+13
18, 4.11397e+06, 1.15742e+13
19, 4.85744e+06, 1.32816e+13
20, 5.20824e+06, 1.55176e+13
